---
 side_x: 4
 side_y: 2.236067977499790
 diagonal_from_x0y0: 5.385164807134504
 height: 1000
 z_to_x: 0
 z_to_y: 0
